4294967279,84
4294967279,83
4294967278,389
4294967278,244
4294967278,338
4294967278,306
4294967278,331
4294967278,240
4294967278,258
4294967278,444
4294967278,347
4294967279,420
4294967279,312
4294967279,311
4294967279,216
4294967279,309
4294967279,487
4294967278,348
4294967278,262
4294967278,261
4294967278,417
4294967279,406
4294967278,257
4294967279,455
4294967279,396
4294967279,395
4294967279,394
4294967279,393
4294967279,391
4294967278,253
4294967279,256
4294967279,255
4294967279,254
4294967278,249
4294967279,252
4294967278,248
4294967279,250
4294967278,247
4294967279,248
4294967278,245
4294967279,246
4294967279,244
4294967279,242
4294967279,240
4294967278,238
4294967279,238
4294967279,237
4294967279,235
4294967279,233
4294967279,231
4294967278,229
4294967279,229
4294967278,223
4294967278,221
4294967278,370
1091,6
4294967278,288
1091,5
1091,4
1091,3
1091,2
1091,1
4294967279,307
4294967279,474
4294967278,395
4294967279,287
4294967278,205
4294967278,204
1090,5
1090,4
1090,3
1090,2
1090,1
4294967278,297
4294967278,199
4294967278,197
4294967279,492
4294967294,395
4294967294,449
4294967294,390
4294967294,458
4294967294,468
4294967279,284
4294967279,195
4294967279,194
4294967278,192
4294967279,193
4294967279,510
4294967279,192
4294967279,257
4294967279,319
1088,6
1088,5
1088,4
1088,3
1088,2
1088,1
4294967279,281
4294967279,448
4294967279,402
4294967278,396
4294967279,429
4294967294,165
4294967294,166
4294967278,345
4294967279,249
4294967279,472
4294967279,304
4294967279,488
1085,5
1085,4
1085,3
1085,2
1085,1
4294967294,413
4294967294,179
4294967294,407
4294967294,1244
4294967294,590
4294967294,113
4294967294,451
4294967294,169
4294967294,118
4294967278,146
1083,5
1083,4
1083,3
1083,2
1083,1
4294967279,145
4294967294,1067
4294967294,401
4294967294,1156
4294967294,162
1081,4
1081,3
1081,2
1081,1
4294967294,494
1080,5
1080,4
1080,3
1080,2
1080,1
1079,4
1079,3
1079,2
1079,1
4294967279,251
4294967279,271
4294967279,475
1078,5
4294967279,270
1078,4
1078,3
1078,2
1078,1
4294967278,390
1077,5
1077,4
1077,3
1077,2
1077,1
4294967294,493
4294967278,344
4294967279,262
1076,5
1076,4
1076,3
1076,2
1076,1
4294967278,301
4294967278,326
1075,4
4294967278,325
1075,3
1075,2
1075,1
4294967278,324
4294967279,504
4294967279,468
4294967278,303
4294967279,485
4294967294,469
4294967279,407
4294967279,313
4294967278,343
4294967279,389
4294967294,1153
4294967279,493
4294967294,415
4294967294,404
4294967294,467
4294967294,180
4294967294,402
4294967279,296
4294967279,295
4294967279,479
4294967294,485
4294967278,219
4294967278,354
4294967279,122
4294967279,121
4294967279,120
4294967279,119
4294967279,118
4294967279,117
4294967279,116
4294967279,115
4294967279,114
4294967279,113
4294967279,112
4294967279,111
4294967279,110
4294967279,109
4294967279,108
4294967279,107
4294967279,106
4294967279,105
4294967279,104
4294967279,103
4294967279,102
4294967279,101
4294967279,100
4294967279,95
4294967279,94
4294967279,93
4294967279,92
4294967279,91
4294967279,90
4294967279,89
4294967279,87
4294967279,86
4294967279,85
4294967279,99
4294967279,98
4294967279,97
4294967294,492
4294967279,96
4294967278,317
4294967278,438
4294967278,314
4294967278,311
4294967278,393
4294967278,61
4294967278,60
4294967278,59
4294967278,58
4294967278,57
4294967278,56
4294967278,55
4294967278,54
4294967278,53
4294967278,52
4294967278,51
4294967278,50
4294967278,49
4294967278,48
4294967278,47
4294967278,46
4294967278,45
4294967278,44
4294967278,43
4294967278,42
4294967278,435
4294967278,41
4294967278,409
4294967278,40
4294967278,402
4294967278,39
4294967278,38
4294967278,398
4294967278,37
4294967278,36
4294967278,401
4294967278,35
4294967278,34
4294967278,33
4294967278,32
4294967278,31
4294967278,30
4294967278,29
4294967278,28
4294967278,27
4294967278,26
4294967278,399
4294967278,25
4294967278,24
4294967278,23
4294967278,22
4294967278,21
4294967278,20
4294967278,19
4294967278,18
4294967278,441
4294967278,17
4294967278,434
4294967278,16
4294967278,295
4294967278,15
4294967278,14
4294967278,13
4294967278,12
4294967278,11
4294967278,10
4294967278,9
4294967278,8
4294967278,7
4294967278,6
4294967278,5
4294967278,4
4294967279,132
4294967279,449
4294967279,131
4294967279,130
4294967279,129
4294967279,128
4294967279,127
4294967279,436
4294967279,126
4294967279,125
4294967279,124
4294967279,123
4294967279,82
4294967279,80
4294967279,79
4294967279,77
4294967279,75
4294967279,73
4294967279,71
4294967279,70
4294967279,66
4294967279,65
4294967279,482
4294967279,64
4294967279,62
4294967279,60
4294967279,58
4294967279,57
4294967279,56
4294967279,55
4294967279,54
4294967279,52
4294967279,51
4294967279,174
4294967279,2
4294967279,88
4294967279,49
4294967279,48
4294967279,47
4294967279,421
4294967279,419
4294967279,45
4294967279,44
4294967279,42
4294967279,418
4294967279,34
4294967279,417
4294967279,31
4294967279,22
4294967279,21
4294967279,19
4294967279,18
4294967279,16
4294967279,15
4294967279,12
4294967278,293
4294967279,428
4294967279,427
4294967279,484
4294967278,341
4294967278,340
4294967279,306
4294967279,191
4294967279,190
4294967278,179
4294967278,176
4294967279,175
4294967279,171
4294967278,169
4294967278,168
4294967279,169
4294967278,167
4294967279,168
4294967278,166
4294967279,167
4294967278,165
4294967279,166
4294967278,164
4294967278,163
4294967278,162
4294967279,163
4294967278,161
4294967279,162
4294967278,160
4294967279,161
4294967278,159
4294967279,160
4294967278,158
4294967279,159
4294967278,157
4294967279,158
4294967278,156
4294967279,156
4294967278,155
4294967279,155
4294967278,154
4294967279,154
4294967278,153
4294967279,153
4294967278,152
4294967279,152
4294967278,151
4294967279,151
4294967278,150
4294967279,150
4294967278,149
4294967279,149
4294967278,148
4294967279,148
4294967278,147
4294967279,147
4294967279,146
4294967278,145
4294967278,144
4294967279,144
4294967278,143
4294967279,143
4294967278,142
4294967279,142
4294967278,141
4294967279,141
4294967278,140
4294967279,140
4294967278,139
4294967278,138
4294967278,277
4294967278,408
1074,6
4294967279,135
1074,5
1074,4
1074,3
1074,2
1074,1
4294967279,291
4294967279,268
4294967279,267
4294967279,285
4294967279,265
1073,5
4294967279,283
1073,4
1073,3
1073,2
1073,1
4294967279,263
